This document describes the memory layout of my machines. (For more details on
the actual testing, please see the readme.txt file as well as the source code
of the test program!) There are four tables that show how the 256 pages of the
64K VRAM seem to be ordered or reordered (both depending on the amount of
physical memory installed and the actual memory bit setting).

The first example shows the 64K contiguous memory of a full-expanded machine.

The second shows the same one, but after having been switched to 16K mode.

The third and fourth show the same situation on a standard 16K machine.

---------------------------------------------------------------
64K machine in 64K mode (bit4 at register #28 is set):
---------------------------------------------------------------
0   1   2   3   4   5   6   7   8   9   10  11  12  13  14  15
16  17  18  19  20  21  22  23  24  25  26  27  28  29  30  31
32  33  34  35  36  37  38  39  40  41  42  43  44  45  46  47
48  49  50  51  52  53  54  55  56  57  58  59  60  61  62  63
64  65  66  67  68  69  70  71  72  73  74  75  76  77  78  79
80  81  82  83  84  85  86  87  88  89  90  91  92  93  94  95
96  97  98  99  100 101 102 103 104 105 106 107 108 109 110 111
112 113 114 115 116 117 118 119 120 121 122 123 124 125 126 127
128 129 130 131 132 133 134 135 136 137 138 139 140 141 142 143
144 145 146 147 148 149 150 151 152 153 154 155 156 157 158 159
160 161 162 163 164 165 166 167 168 169 170 171 172 173 174 175
176 177 178 179 180 181 182 183 184 185 186 187 188 189 190 191
192 193 194 195 196 197 198 199 200 201 202 203 204 205 206 207
208 209 210 211 212 213 214 215 216 217 218 219 220 221 222 223
224 225 226 227 228 229 230 231 232 233 234 235 236 237 238 239
240 241 242 243 244 245 246 247 248 249 250 251 252 253 254 255

---------------------------------------------------------------
64K machine in 16K mode (bit4 at register #28 is cleared):
---------------------------------------------------------------
0   3   4   7   8   11  12  15  16  19  20  23  24  27  28  31
32  35  36  39  40  43  44  47  48  51  52  55  56  59  60  63
64  67  68  71  72  75  76  79  80  83  84  87  88  91  92  95
96  99  100 103 104 107 108 111 112 115 116 119 120 123 124 127
0   3   4   7   8   11  12  15  16  19  20  23  24  27  28  31
32  35  36  39  40  43  44  47  48  51  52  55  56  59  60  63
64  67  68  71  72  75  76  79  80  83  84  87  88  91  92  95
96  99  100 103 104 107 108 111 112 115 116 119 120 123 124 127
128 131 132 135 136 139 140 143 144 147 148 151 152 155 156 159
160 163 164 167 168 171 172 175 176 179 180 183 184 187 188 191
192 195 196 199 200 203 204 207 208 211 212 215 216 219 220 223
224 227 228 231 232 235 236 239 240 243 244 247 248 251 252 255
128 131 132 135 136 139 140 143 144 147 148 151 152 155 156 159
160 163 164 167 168 171 172 175 176 179 180 183 184 187 188 191
192 195 196 199 200 203 204 207 208 211 212 215 216 219 220 223
224 227 228 231 232 235 236 239 240 243 244 247 248 251 252 255

---------------------------------------------------------------
16K machine in 64K mode (bit4 at register #28 is set):
---------------------------------------------------------------
129 129 131 131 133 133 135 135 137 137 139 139 141 141 143 143
145 145 147 147 149 149 151 151 153 153 155 155 157 157 159 159
161 161 163 163 165 165 167 167 169 169 171 171 173 173 175 175
177 177 179 179 181 181 183 183 185 185 187 187 189 189 191 191
193 193 195 195 197 197 199 199 201 201 203 203 205 205 207 207
209 209 211 211 213 213 215 215 217 217 219 219 221 221 223 223
225 225 227 227 229 229 231 231 233 233 235 235 237 237 239 239
241 241 243 243 245 245 247 247 249 249 251 251 253 253 255 255
129 129 131 131 133 133 135 135 137 137 139 139 141 141 143 143
145 145 147 147 149 149 151 151 153 153 155 155 157 157 159 159
161 161 163 163 165 165 167 167 169 169 171 171 173 173 175 175
177 177 179 179 181 181 183 183 185 185 187 187 189 189 191 191
193 193 195 195 197 197 199 199 201 201 203 203 205 205 207 207
209 209 211 211 213 213 215 215 217 217 219 219 221 221 223 223
225 225 227 227 229 229 231 231 233 233 235 235 237 237 239 239
241 241 243 243 245 245 247 247 249 249 251 251 253 253 255 255

---------------------------------------------------------------
16K machine in 16K mode (bit4 at register #28 is cleared):
---------------------------------------------------------------
129 131 133 135 137 139 141 143 145 147 149 151 153 155 157 159
161 163 165 167 169 171 173 175 177 179 181 183 185 187 189 191
193 195 197 199 201 203 205 207 209 211 213 215 217 219 221 223
225 227 229 231 233 235 237 239 241 243 245 247 249 251 253 255
129 131 133 135 137 139 141 143 145 147 149 151 153 155 157 159
161 163 165 167 169 171 173 175 177 179 181 183 185 187 189 191
193 195 197 199 201 203 205 207 209 211 213 215 217 219 221 223
225 227 229 231 233 235 237 239 241 243 245 247 249 251 253 255
129 131 133 135 137 139 141 143 145 147 149 151 153 155 157 159
161 163 165 167 169 171 173 175 177 179 181 183 185 187 189 191
193 195 197 199 201 203 205 207 209 211 213 215 217 219 221 223
225 227 229 231 233 235 237 239 241 243 245 247 249 251 253 255
129 131 133 135 137 139 141 143 145 147 149 151 153 155 157 159
161 163 165 167 169 171 173 175 177 179 181 183 185 187 189 191
193 195 197 199 201 203 205 207 209 211 213 215 217 219 221 223
225 227 229 231 233 235 237 239 241 243 245 247 249 251 253 255

---------------------------------------------------------------
http://istennyila.hu/stuff/archive/vdcdump.zip
---------------------------------------------------------------

MemTest64 project homepage:

http://istennyila.hu/memtest64

SDOS project page:

http://istennyila.hu/sdos

Rosetta Interactive Fiction project homepage:

http://istennyila.hu/rosetta

(c) 2012-2017 by Robert Olessak